#dados do descritor 1
ID <- 1:20
X1 <- c(16,16,13,12,17,11,11,11,10,14,2,7,5,3,10,9,4,4,2,4)
Y1 <- c(9,19,15,17,10,12,10,17,13,13,7,7,3,2,7,0,7,4,5,6)
descritor1 <- data.frame(id=ID, X=X1, Y=Y1)
consulta1 <- c(12,8)

#dados do descritor 2
ID <- 1:20
X2 <- c(10,18,7,13,17,8,9,9,10,14,10,3,4,9,3,7,7,8,6,7)
Y2 <- c(15,15,14,19,16,14,10,14,12,14,1,10,3,0,6,2,7,10,7,9)
descritor2 <- data.frame(id=ID, X=X2, Y=Y2)
consulta2 <- c(10,10)

#imagens relevantes
IDrel <- c(7,8,9,10,17,18,19,20)

